#format
#key={int genericTrapId, int specificTrapId, String enterpriseTrapId}
#enterpriseTrapId for each key should be unique
#Do not modify the key

SERVER_INSERT_IN_CHASSIS=3,153,1.3.6.1.4.1.674.10892.3
SERVER_REMOVAL_FROM_CHASSIS=4,154,1.3.6.1.4.1.674.10892.4
IOM_INSERT_IN_CHASSIS=5,155,1.3.6.1.4.1.674.10892.5
IOM_REMOVAL_IN_CHASSIS=6,156,1.3.6.1.4.1.674.10892.6
SERVER_POWER_ON=7,157,1.3.6.1.4.1.674.10892.7
SERVER_POWER_OFF=8,158,1.3.6.1.4.1.674.10892.8
